5
Jack 20000101 长春 20191022 1
小红 20000501 北京 20191022 1
小兰 19990501 天津 20191022 1
小刚 19980601 南京 20191022 1
小天 19970201 南京 20191022 1
10001 10003
10001 10004
10002 10004
0
3
同学群1 10001 20191010
同学群2 10002 20191011
同学群 10001 20191022
1001 10002
1001 10004
1002 10001
1003 10002
0
1001 10004
0
5
小明 20000101 上海 20191022 1
小红 20000501 北京 20191022 1
小兰 19990501 天津 20191022 1
小刚 19980601 南京 20191022 1
小天 19970201 南京 20191013 0
10003 10004
10003 10002
10002 10004
10001 10002
0
3
同学群7 10002 20191015
同学群8 10001 20191015
同学群 10001 20191022
1001 10001
1001 10004
1002 10003
1003 10002
0
5
小明 20000101 上海 20191010
小红 20000501 北京 20191011
小兰 19990501 天津 20191012
小刚 19980601 南京 20191013
小白 20000602 长春 20191015
20003 20004
20001 20002
20001 20004
20005 20001
0
5
休闲群 20003 20191015
聊天群 20004 20191015
同学群1 20001 20191015
网友会 20005 20191015
同学群 20001 20191022
1001 20001
1001 20002
1002 20001
1003 20002
1003 20004
1004 20001
1005 20002
0
10001 10001
10002 10002
10003 10003
10004 10004
0
10001 20001
10002 20002
10003 20003
10004 20004
0
10001 10001
10002 10002
10003 10003
10004 10004
10005 10005
0
10001 20001
10002 20002
10003 20003
10004 20004
0
20001 10001
20002 10002
20003 10003
20004 10004
0
20001 10001
20002 10002
20003 10003
20004 10004
0
